24
55 41 1 57 39 1
57 39 1 55 41 1
57 38 1 57 37 1
57 37 1 57 38 1
57 36 1 57 35 1
57 35 1 57 36 1

59 35 1 59 36 1
59 36 1 59 35 1
59 37 1 59 38 1
59 38 1 59 37 1
59 39 1 59 40 1
59 40 1 59 39 1

11 35 2 11 36 2
11 36 2 11 35 2
11 37 2 11 38 2
11 38 2 11 37 2
11 39 2 11 40 2
11 40 2 11 39 2

67 35 2 67 36 2
67 36 2 67 35 2
67 37 2 67 38 2
67 38 2 67 37 2
67 39 2 67 40 2
67 40 2 67 39 2

6
1 36 0 1 37 0
1 37 0 1 36 0
53 29 0 53 30 1
53 29 1 53 30 0
53 30 0 53 29 1
53 30 1 53 29 0


4
21 29 1 0 0
21 38 1 0 0
43 41 1 0 0
51 31 0 1 0

