30
57 29 1 57 30 1
57 30 1 57 29 1
57 31 1 57 32 1
57 32 1 57 31 1
57 33 1 57 34 1
57 34 1 57 33 1

61 35 1 61 36 1
61 36 1 61 35 1
61 37 1 61 38 1
61 38 1 61 37 1
61 39 1 59 40 1
59 40 1 61 39 1

53 29 2 53 30 2
53 30 2 53 29 2
53 31 2 53 32 2
53 32 2 53 31 2
53 33 2 53 34 2
53 34 2 53 33 2

57 35 2 57 36 2
57 36 2 57 35 2
57 37 2 57 38 2
57 38 2 57 37 2
57 39 2 55 40 2
55 40 2 57 39 2

25 35 2 25 36 2
25 36 2 25 35 2
25 37 2 25 38 2
25 38 2 25 37 2
25 39 2 23 40 2
23 40 2 25 39 2

2
23 34 0 23 35 0
23 35 0 23 34 0

0
