1  29  1  0.00989203  558886  0.00259031  146349  0.287456
1  29  2  0.00797237  440220  0.00207852  114772  0.358236
1  30  1  0.00680474  502033  0.00159853  117935  0.465802
1  30  2  0.0065471  501679  0.00156124  119632  0.476928
1  31  1  0.00849244  567633  0.00190669  127443  0.390519
1  31  2  0.00649621  503616  0.00163733  126933  0.454766
1  32  1  0.00710039  468845  0.00173507  114568  0.429148
1  32  2  0.00747464  485663  0.00184307  119753  0.404
1  33  1  0.0065557  509646  0.00158689  123366  0.469221
1  33  2  0.00702672  505162  0.00180583  129824  0.412331
1  34  1  0.00629784  498680  0.001469  116319  0.506877
1  34  2  0.00734456  505898  0.00183157  126160  0.406536
1  35  1  0.0082854  493081  0.00208247  123932  0.357556
1  35  2  0.0071298  521840  0.00189853  138956  0.392198
1  36  1  0.00829065  534673  0.00210237  135584  0.354172
1  36  2  0.00755321  490989  0.00193403  125720  0.384998
1  37  1  0.00718278  469486  0.00170343  111341  0.437117
1  37  2  0.0105413  683220  0.00239667  155337  0.310681
1  38  1  0.00587038  449344  0.00133003  101806  0.559838
1  38  2  0.00589081  395134  0.00143406  96191.8  0.519224
1  39  1  0.0049457  353302  0.00118559  84694.2  0.628041
1  39  2  0.00584853  385002  0.00142045  93506.9  0.524198
3  29  1  0.0101448  510734  0.00276035  138968  0.269749
3  29  2  0.01031  543584  0.00264108  139248  0.281931
3  30  1  0.00757743  631694  0.00174068  145112  0.427764
3  30  2  0.00792417  459888  0.00196555  114073  0.378825
3  31  1  0.00858877  598843  0.00208595  145441  0.356959
3  31  2  0.00770404  482544  0.00203018  127161  0.366765
3  32  1  0.00773852  526475  0.00189903  129197  0.392094
3  32  2  0.0099167  515022  0.00252904  131345  0.294421
3  33  1  0.00900404  498229  0.00245432  135807  0.303384
3  33  2  0.00826286  575812  0.00207021  144266  0.359674
3  34  1  0.00767072  525430  0.00188033  128799  0.395995
3  34  2  0.00681581  455808  0.00163116  109084  0.456485
3  35  1  0.00881521  572711  0.00212495  138055  0.350408
3  35  2  0.00784428  507628  0.00195302  126386  0.381256
3  36  1  0.00800187  427465  0.00197032  105256  0.377907
3  36  2  0.00808165  448259  0.00198084  109870  0.3759
3  37  1  0.00762694  405594  0.00181663  96606.7  0.40988
3  37  2  0.00762504  443156  0.00191891  111524  0.388033
3  38  1  0.00708677  612242  0.00141799  122503  0.525111
3  38  2  0.00846399  461722  0.0020143  109883  0.369656
3  39  1  0.00642895  411590  0.00141709  90724.1  0.525442
3  39  2  0.00758252  455171  0.00185059  111089  0.402358
3  40  1  0.00646585  458078  0.00152976  108377  0.486743
3  40  2  0.00622233  510384  0.00158359  129893  0.470199
3  41  1  0.00673653  510772  0.00142393  107964  0.52292
3  41  2  0.00747653  479877  0.00180351  115757  0.412863
5  29  1  0.00987364  531476  0.00230268  123948  0.323363
5  29  2  0.0116979  522234  0.00281804  125807  0.264226
5  30  1  0.0107615  581815  0.00256072  138444  0.290778
5  30  2  0.00954681  580293  0.00227208  138106  0.327717
5  31  1  0.00833919  513465  0.00205913  126786  0.361609
5  31  2  0.00597759  424666  0.00144691  102793  0.514613
5  32  1  0.00752969  606417  0.00163139  131387  0.45642
5  32  2  0.00750217  503191  0.00179371  120309  0.415117
5  33  1  0.00744691  577673  0.0017201  133432  0.432881
5  33  2  0.00682719  463362  0.00159484  108242  0.46688
5  34  1  0.00671227  493629  0.00160434  117985  0.464117
5  34  2  0.00652027  478190  0.0015478  113514  0.48107
5  35  1  0.00844054  502648  0.00217102  129288  0.342972
5  35  2  0.00659812  489329  0.00162848  120771  0.457237
5  36  1  0.00853553  576983  0.00208803  141146  0.356605
5  36  2  0.00806664  492354  0.00209919  128126  0.354708
5  37  1  0.00514266  485079  0.00132706  125174  0.561091
5  37  2  0.00712337  490917  0.0017904  123388  0.415884
5  38  1  0.00569721  431123  0.00142871  108114  0.521171
5  38  2  0.00762017  406308  0.00183543  97865.3  0.405681
5  39  1  0.00638725  518380  0.00152023  123380  0.489793
5  39  2  0.00740924  464446  0.00172776  108304  0.430963
7  29  1  0.00761323  456042  0.00194562  116545  0.382706
7  29  2  0.00714813  455873  0.00177946  113485  0.418443
7  30  1  0.00987298  552034  0.00261793  146378  0.284423
7  30  2  0.00667631  453915  0.00156762  106581  0.474987
7  31  1  0.00726036  476515  0.00193039  126696  0.385726
7  31  2  0.00700571  526813  0.00174153  130959  0.427555
7  32  1  0.00665136  488803  0.0016353  120177  0.455329
7  32  2  0.00589802  461052  0.00150555  117690  0.494569
7  33  1  0.00765873  583293  0.0017945  136670  0.414935
7  33  2  0.0096834  792005  0.0026215  214412  0.284036
7  34  1  0.00663327  513367  0.00181715  140634  0.409763
7  34  2  0.00696751  502361  0.00177423  127923  0.419675
7  35  1  0.00612871  478129  0.00171788  134020  0.43344
7  35  2  0.00622088  499356  0.00154199  123777  0.482883
7  36  1  0.00556913  465328  0.00137676  115035  0.540835
7  36  2  0.00641657  524218  0.00180468  147438  0.412594
7  37  1  0.0063381  443320  0.00154915  108356  0.480649
7  37  2  0.00552643  451103  0.00146998  119989  0.506539
7  38  1  0.00633476  487028  0.00157491  121082  0.472789
7  38  2  0.00520734  487099  0.00133558  124931  0.557512
7  39  1  0.00411734  497818  0.00100979  122091  0.737383
7  39  2  0.00646013  464346  0.00157624  113298  0.472391
7  40  1  0.00447423  509633  0.00108045  123068  0.689155
7  40  2  0.00751669  624336  0.00184858  153543  0.402796
7  41  1  0.00671733  550928  0.00165813  135993  0.44906
7  41  2  0.00522233  489985  0.00124147  116481  0.599772
9  29  1  0.00764688  555977  0.00180314  131100  0.412946
9  29  2  0.0100828  599780  0.00234925  139746  0.316953
9  30  1  0.00835154  490444  0.00207605  121916  0.358662
9  30  2  0.00829695  532364  0.0019842  127314  0.375264
9  31  1  0.00762012  505551  0.00183188  121535  0.406467
9  31  2  0.00646926  518790  0.00150565  120743  0.494536
9  32  1  0.00802381  523461  0.00200255  130643  0.371827
9  32  2  0.00733129  466463  0.00182531  116138  0.40793
9  33  1  0.00635506  434964  0.00170094  116419  0.437757
9  33  2  0.00694673  510315  0.00169058  124192  0.440441
9  34  1  0.00683639  555653  0.00152068  123599  0.489649
9  34  2  0.0060735  470263  0.00144539  111915  0.515153
9  35  1  0.00610117  462665  0.00146756  111288  0.507374
9  35  2  0.00711768  490643  0.00171049  117909  0.435315
9  36  1  0.00712609  588294  0.00173693  143392  0.428688
9  36  2  0.00695612  530573  0.00167096  127451  0.445613
9  37  1  0.00581676  503943  0.00130291  112879  0.571492
9  37  2  0.00716609  483300  0.00166711  112434  0.446642
9  38  1  0.00723912  569582  0.00170969  134520  0.435519
9  38  2  0.00592699  478752  0.00132978  107413  0.559941
9  39  1  0.00429971  495865  0.000988179  113962  0.753507
9  39  2  0.00591796  463426  0.00149643  117183  0.497584
11  29  1  0.00759101  592537  0.00179042  139756  0.41588
11  29  2  0.00748471  472374  0.00178375  112576  0.417434
11  30  1  0.00858737  517082  0.00207584  124995  0.358699
11  30  2  0.00604127  425592  0.00143917  101386  0.517381
11  31  1  0.00614362  508727  0.00149584  123864  0.497781
11  31  2  0.00668365  479008  0.00170095  121905  0.437754
11  32  1  0.00728419  538466  0.00185796  137345  0.400763
11  32  2  0.00739127  530641  0.00192646  138306  0.386513
11  33  1  0.00788082  588470  0.00204403  152630  0.364281
11  33  2  0.00587935  543165  0.00137312  126856  0.542269
11  34  1  0.00599321  467491  0.00150046  117041  0.496248
11  34  2  0.00822413  601500  0.00208435  152446  0.357234
11  35  1  0.00685957  447759  0.00160078  104491  0.465148
11  35  2  0.00693051  505175  0.00185673  135340  0.401027
11  36  1  0.00734313  473949  0.001939  125149  0.384013
11  36  2  0.00843298  565715  0.00206644  138624  0.360331
11  37  1  0.0073776  490507  0.00185168  123111  0.402121
11  37  2  0.00829786  532348  0.00202354  129820  0.367969
11  38  1  0.0061865  696271  0.00148151  166739  0.502596
11  38  2  0.00735214  533941  0.00184441  133948  0.403707
11  39  1  0.00757984  460565  0.00207778  126250  0.358362
11  39  2  0.00799628  504994  0.0019983  126200  0.372616
11  40  1  0.011613  767905  0.00299088  197771  0.248957
11  40  2  0.00901162  579386  0.00222996  143371  0.333908
11  41  1  0.00683871  485917  0.00164326  116760  0.453124
11  41  2  0.00613142  485776  0.00143173  113432  0.520071
13  29  1  0.00896292  540816  0.00223745  135006  0.33279
13  29  2  0.00786837  588865  0.00195482  146298  0.380904
13  30  1  0.0100165  544418  0.00266324  144753  0.279584
13  30  2  0.00838802  537382  0.00213012  136467  0.349558
13  31  1  0.0062936  554774  0.00156542  137990  0.475655
13  31  2  0.0064698  499813  0.00157087  121355  0.474004
13  32  1  0.00693904  567221  0.00167344  136793  0.444951
13  32  2  0.00695287  458898  0.00177642  117246  0.419157
13  33  1  0.00757329  525003  0.00195755  135703  0.380374
13  33  2  0.00755871  571928  0.001862  140888  0.399892
13  34  1  0.00650505  519771  0.00165208  132006  0.450703
13  34  2  0.00710567  546575  0.00172966  133047  0.43049
13  35  1  0.00768118  544527  0.00195837  138831  0.380214
13  35  2  0.00746982  514339  0.00197091  135708  0.377796
13  36  1  0.00860265  523065  0.00276566  168160  0.26923
13  36  2  0.00863957  584404  0.00215058  145471  0.346232
13  37  1  0.00697838  491110  0.00179119  126057  0.4157
13  37  2  0.0090204  689677  0.00224802  171878  0.331225
13  38  1  0.0087303  630490  0.00213172  153950  0.349295
13  38  2  0.00845601  561181  0.00212116  140770  0.351035
13  39  1  0.00785648  544872  0.00197943  137280  0.376168
13  39  2  0.00871605  545646  0.00213493  133652  0.34877
15  29  1  0.00768188  474625  0.00199071  122996  0.374037
15  29  2  0.00927337  617088  0.00234685  156169  0.317276
15  30  1  0.00795162  558263  0.0020424  143392  0.36457
15  30  2  0.00704614  499401  0.00169917  120430  0.438214
15  31  1  0.0077439  537452  0.00190955  132529  0.389935
15  31  2  0.00762334  486148  0.00188394  120141  0.395235
15  32  1  0.00733739  488766  0.0018879  125759  0.394406
15  32  2  0.0073737  553250  0.00214078  160623  0.347817
15  33  1  0.00761466  571323  0.00199175  149440  0.373841
15  33  2  0.00794268  510239  0.00224701  144348  0.331374
15  34  1  0.005126  451363  0.00124116  109289  0.599921
15  34  2  0.00563197  512147  0.00144587  131481  0.514985
15  35  1  0.00715403  573049  0.0019301  154604  0.385783
15  35  2  0.00770859  619146  0.00193637  155527  0.384535
15  36  1  0.00739401  495762  0.00204784  137306  0.363602
15  36  2  0.00723248  559467  0.00176862  136811  0.421007
15  37  1  0.00844069  631679  0.00203471  152272  0.36595
15  37  2  0.00724353  573978  0.00185935  147335  0.400463
15  38  1  0.00680859  505766  0.00163355  121346  0.455816
15  38  2  0.00530051  552560  0.0012633  131695  0.589407
15  39  1  0.00774182  572836  0.00220519  163167  0.337659
15  39  2  0.0065825  448317  0.00178283  121424  0.41765
15  40  1  0.00641057  521452  0.0017512  142447  0.425194
15  40  2  0.00695113  487854  0.00168754  118437  0.441235
15  41  1  0.00576686  496058  0.00140924  121221  0.52837
15  41  2  0.00671333  624618  0.00173063  161020  0.430249
17  29  1  0.00670548  528921  0.00167949  132476  0.44335
17  29  2  0.00715025  500911  0.00169384  118662  0.439593
17  30  1  0.00704265  493823  0.00173587  121717  0.42895
17  30  2  0.00763783  540699  0.00189728  134313  0.392456
17  31  1  0.00800953  572121  0.0023488  167775  0.317013
17  31  2  0.00704205  557955  0.00196455  155655  0.379018
17  32  1  0.00756853  527559  0.00188607  131467  0.39479
17  32  2  0.0066717  481774  0.00162953  117671  0.456941
17  33  1  0.00746073  518888  0.00198938  138360  0.374287
17  33  2  0.00726884  569183  0.0017558  137487  0.42408
17  34  1  0.00632429  509485  0.00162008  130514  0.459606
17  34  2  0.00630039  533136  0.00154386  130641  0.482297
17  35  1  0.00607465  516850  0.00152532  129779  0.48816
17  35  2  0.00642899  471824  0.00169385  124312  0.439589
17  36  1  0.00718469  581390  0.00169284  136986  0.439852
17  36  2  0.00650835  466706  0.00163404  117175  0.455681
17  37  1  0.00766304  587572  0.00200206  153510  0.371917
17  37  2  0.00671961  521098  0.00166293  128958  0.447765
17  38  1  0.0074025  622896  0.00199887  168198  0.372511
17  38  2  0.00555726  603194  0.00134203  145666  0.554832
17  39  1  0.00568061  538118  0.0013717  129940  0.542829
17  39  2  0.00930916  564909  0.00257073  156000  0.289645
19  29  1  0.00712806  550909  0.00177575  137243  0.419316
19  29  2  0.0065123  531829  0.00170964  139618  0.435531
19  30  1  0.00642315  448063  0.0015949  111256  0.466864
19  30  2  0.00595886  480924  0.00147098  118719  0.506193
19  31  1  0.00631221  562657  0.00164864  146956  0.451646
19  31  2  0.00711822  511653  0.00195878  140796  0.380134
19  32  1  0.0063713  483824  0.00162459  123368  0.458332
19  32  2  0.00683544  473231  0.0017928  124119  0.415328
19  33  1  0.00645891  452747  0.00164866  115565  0.451641
19  33  2  0.00591965  435961  0.00145191  106928  0.512842
19  34  1  0.0058137  479062  0.00160493  132250  0.463945
19  34  2  0.00671502  525617  0.00195641  153138  0.380594
19  35  1  0.0062686  482286  0.001648  126792  0.45182
19  35  2  0.0081345  521306  0.00212279  136041  0.350764
19  36  1  0.00603769  586841  0.00146534  142426  0.50814
19  36  2  0.00758366  481751  0.00223149  141755  0.333679
19  37  1  0.0072049  494110  0.00184331  126414  0.403946
19  37  2  0.00633657  469448  0.00188895  139944  0.394187
19  38  1  0.005328  495187  0.00131459  122179  0.566411
19  38  2  0.00661935  488010  0.00163313  120402  0.455935
19  39  1  0.00685686  473025  0.00193871  133743  0.38407
19  39  2  0.00613847  479591  0.0015234  119021  0.488777
19  40  1  0.004486  552149  0.00103662  127590  0.718296
19  40  2  0.00687694  480893  0.00172675  120749  0.431214
19  41  1  0.0048412  534544  0.00147405  162758  0.505139
19  41  2  0.00549752  420181  0.00145263  111026  0.512587
21  29  1  0.00688201  516579  0.00183618  137828  0.405515
21  29  2  0.00684276  536735  0.00171806  134762  0.433395
21  30  1  0.00682911  623260  0.0016126  147174  0.46174
21  30  2  0.00601112  470111  0.00152209  119038  0.489195
21  31  1  0.00534817  524244  0.00130665  128082  0.569853
21  31  2  0.0084712  566633  0.00213197  142606  0.349255
21  32  1  0.00671499  434470  0.00165109  106828  0.450975
21  32  2  0.00526046  443873  0.00123615  104305  0.602356
21  33  1  0.0063986  469166  0.00166995  122446  0.445882
21  33  2  0.00719601  508536  0.00183819  129903  0.405073
21  34  1  0.00652062  433617  0.00176405  117308  0.422098
21  34  2  0.00594125  502571  0.00147523  124790  0.504734
21  35  1  0.00604507  483183  0.00141167  112835  0.52746
21  35  2  0.00690156  507915  0.00178426  131311  0.417317
21  36  1  0.00540645  533066  0.00126575  124801  0.588266
21  36  2  0.00808108  551810  0.00216974  148159  0.343175
21  37  1  0.00715318  443797  0.0018072  112122  0.412019
21  37  2  0.00683225  452563  0.00166921  110567  0.44608
21  38  1  0.00500449  439626  0.00133368  117159  0.558304
21  38  2  0.00733911  493394  0.00179239  120499  0.415423
21  39  1  0.00623971  431074  0.00160515  110893  0.463881
21  39  2  0.00673121  481478  0.00159589  114153  0.466572
55  29  1  0.00616946  506875  0.00161181  132424  0.461966
55  29  2  0.00547948  550721  0.00112745  113316  0.660426
55  30  1  0.00724562  479738  0.00212686  140821  0.350094
55  30  2  0.00706794  535613  0.00169019  128084  0.440541
55  31  1  0.00667459  515956  0.00161297  124685  0.461633
55  31  2  0.00679011  526427  0.00149536  115933  0.49794
55  32  1  0.00806368  594868  0.0019081  140763  0.390231
55  32  2  0.00699613  480389  0.00172624  118532  0.431343
55  33  1  0.00607871  517021  0.00149255  126948  0.498878
55  33  2  0.00710178  560388  0.00172066  135774  0.432741
55  34  1  0.00624104  445564  0.00162749  116191  0.457513
55  34  2  0.006813  514462  0.00160589  121264  0.463667
55  35  1  0.00476568  459182  0.00157108  151376  0.473943
55  35  2  0.00630692  488872  0.00185066  143451  0.402344
55  36  1  0.00702857  473008  0.00172878  116343  0.430709
55  36  2  0.00611582  443355  0.00174658  126615  0.426319
55  37  1  0.00726975  528964  0.00158324  115200  0.470302
55  37  2  0.00739186  483905  0.00167481  109641  0.444587
55  38  1  0.00709188  475862  0.00191299  128361  0.389233
55  38  2  0.00626805  540821  0.00178966  154416  0.416056
55  39  1  0.00505045  492093  0.0010639  103662  0.699875
55  39  2  0.00758511  522223  0.00161109  110921  0.462172
55  40  1  0.00562837  512558  0.00107102  97534.8  0.695222
55  41  1  0.00699328  518193  0.00170433  126289  0.436886
55  41  2  0.00706734  574502  0.00151926  123500  0.490108
57  29  2  0.0074846  592598  0.00169202  133967  0.440065
57  30  2  0.00556275  496496  0.00133845  119462  0.556313
57  31  2  0.00632618  489104  0.00157955  122122  0.471399
57  32  2  0.00668996  476358  0.00175117  124692  0.425201
57  33  2  0.00765683  497440  0.00202065  131275  0.368496
57  34  2  0.00513612  485608  0.00133374  126102  0.55828
57  35  1  0.00701045  458887  0.00167476  109626  0.4446
57  36  1  0.00600429  485274  0.00135257  109316  0.550509
57  37  1  0.00574265  448448  0.00134381  104939  0.554097
57  38  1  0.00545938  474776  0.00124886  108607  0.596226
57  39  1  0.00514646  451081  0.00130718  114573  0.569622
59  29  1  0.00438437  511031  0.00106785  124466  0.697288
59  29  2  0.0050402  457298  0.00142785  129549  0.521483
59  30  1  0.00601891  503488  0.00146531  122575  0.508151
59  30  2  0.00560154  457163  0.00138184  112777  0.538848
59  31  1  0.00582534  494008  0.00151383  128378  0.491864
59  31  2  0.00604046  478840  0.00176937  140262  0.420827
59  32  1  0.00708323  510907  0.00174942  126184  0.425627
59  32  2  0.00783752  529921  0.00199446  134852  0.373334
59  33  1  0.00834833  588201  0.0015283  107680  0.487208
59  33  2  0.00711528  503165  0.00209297  148007  0.355762
59  34  1  0.0069554  494312  0.00181461  128962  0.410337
59  34  2  0.00753052  520742  0.00167401  115759  0.444801
59  35  1  0.00706925  533098  0.00176674  133231  0.421455
59  35  2  0.00664679  494571  0.00166034  123542  0.448461
59  36  1  0.00666593  497985  0.00162974  121751  0.456884
59  36  2  0.00704443  498064  0.00154392  109160  0.482279
59  37  1  0.00616017  453238  0.00163647  120404  0.455005
59  37  2  0.00698343  514108  0.00153712  113160  0.484413
59  38  1  0.00714548  482004  0.00180394  121686  0.412764
59  38  2  0.00595349  474669  0.00153789  122615  0.484171
59  39  1  0.00603262  503787  0.00146758  122558  0.507367
59  39  2  0.00638416  439674  0.00182131  125433  0.408826
59  40  2  0.00671368  483908  0.00144678  104281  0.51466
59  41  1  0.0095104  679765  0.00161724  115594  0.460413
59  41  2  0.00489752  470540  0.00139981  134490  0.531929
61  29  1  0.00698604  445864  0.00176545  112675  0.421761
61  29  2  0.00624955  499231  0.00150189  119975  0.495776
61  30  1  0.00593106  487014  0.00201329  165316  0.369843
61  30  2  0.00679981  558716  0.00173463  142528  0.429257
61  31  1  0.006473  470254  0.00158943  115470  0.468469
61  31  2  0.00600525  456211  0.00190166  144467  0.391552
61  32  1  0.00713285  596101  0.00168967  141208  0.440677
61  32  2  0.00712323  567724  0.00170509  135896  0.436693
61  33  1  0.00798488  532750  0.00240682  160583  0.30937
61  33  2  0.00689791  544496  0.00147026  116057  0.506441
61  34  1  0.00650675  446984  0.00198153  136122  0.37577
61  34  2  0.00690917  579356  0.0016408  137586  0.453804
61  35  2  0.00603017  499627  0.00173911  144093  0.428151
61  36  2  0.00567305  467173  0.00179881  148131  0.413941
61  37  2  0.00687819  522323  0.00144253  109544  0.516178
61  38  2  0.00761417  518721  0.00179406  122222  0.415035
61  39  2  0.00638897  494317  0.00152925  118319  0.486904
63  29  1  0.00670721  554660  0.00167606  138604  0.444255
63  29  2  0.00583224  443083  0.00169975  129132  0.438065
63  30  1  0.00768232  472714  0.00178889  110075  0.416237
63  30  2  0.00714815  454834  0.0018236  116035  0.408313
63  31  1  0.00541281  495170  0.00147742  135156  0.503987
63  31  2  0.0069931  506053  0.00144564  104613  0.515067
63  32  1  0.00825129  612389  0.00179954  133557  0.413773
63  32  2  0.00743177  488440  0.00185735  122071  0.400894
63  33  1  0.00750416  580097  0.00181286  140140  0.410733
63  33  2  0.00761545  517612  0.00167696  113981  0.444017
63  34  1  0.00713788  611468  0.00133011  113944  0.559804
63  34  2  0.00681766  565871  0.00122706  101847  0.606816
63  35  1  0.00539263  498732  0.00121669  112524  0.61199
63  35  2  0.00708899  499388  0.00189136  133238  0.393685
63  36  1  0.0071074  410269  0.00213035  122973  0.349519
63  36  2  0.00903105  679759  0.00174239  131148  0.427344
63  37  1  0.00805596  518058  0.00186039  119637  0.400238
63  37  2  0.00783858  495183  0.00179225  113221  0.415455
63  38  1  0.00649664  529490  0.0016557  134943  0.449719
63  38  2  0.00764891  536628  0.00168056  117904  0.443066
63  39  1  0.007713  583372  0.00156001  117991  0.477305
63  39  2  0.00836985  569536  0.001781  121190  0.41808
63  40  1  0.00827171  523777  0.00216337  136988  0.344185
63  40  2  0.0085703  457342  0.00210765  112472  0.353284
63  41  1  0.00748898  546756  0.00183699  134115  0.405337
63  41  2  0.00772052  454184  0.00211241  124269  0.352489
65  29  1  0.0086526  559874  0.002067  133747  0.360232
65  29  2  0.00580611  464981  0.00139023  111336  0.535596
65  30  1  0.00706092  507173  0.00174514  125350  0.426671
65  30  2  0.00934059  583751  0.00201212  125750  0.370057
65  31  1  0.00758893  571797  0.00148972  112245  0.499824
65  31  2  0.00692583  487167  0.0019057  134048  0.390723
65  32  1  0.00812069  577330  0.00192605  136930  0.386594
65  32  2  0.00633269  540452  0.00147841  126172  0.50365
65  33  1  0.00648241  509912  0.00170081  133787  0.437792
65  33  2  0.0062257  546925  0.00146612  128798  0.507871
65  34  1  0.00489419  435696  0.00148924  132577  0.499986
65  34  2  0.00592115  458758  0.00150221  116388  0.49567
65  35  1  0.00575464  574332  0.00118367  118134  0.629061
65  35  2  0.00728534  521423  0.00160092  114580  0.465109
65  36  1  0.00773225  580660  0.00166321  124900  0.447689
65  36  2  0.00684381  480056  0.00169429  118845  0.439477
65  37  1  0.00815991  588343  0.00160673  115848  0.463425
65  37  2  0.00776229  580940  0.00166324  124479  0.447681
65  38  1  0.00787832  555392  0.00158198  111524  0.470675
65  38  2  0.00638592  535580  0.00155679  130566  0.478293
65  39  1  0.00592262  501433  0.00147964  125272  0.503232
65  39  2  0.00631592  452480  0.00174373  124923  0.427015
67  29  1  0.00801599  521623  0.00225904  147002  0.329609
67  29  2  0.00800206  523657  0.00232861  152385  0.319761
67  30  1  0.00671856  525323  0.00174566  136493  0.426543
67  30  2  0.00666218  526672  0.00153711  121515  0.484414
67  31  1  0.00664792  514563  0.00185488  143572  0.401427
67  31  2  0.00683499  494383  0.00200818  145254  0.370784
67  32  1  0.00625711  495123  0.00157632  124734  0.472365
67  32  2  0.00786759  492075  0.00281772  176233  0.264256
67  33  1  0.00789219  566509  0.00192286  138025  0.387235
67  33  2  0.00678975  539311  0.00141813  112642  0.525059
67  34  1  0.00696898  556629  0.00194058  154999  0.383699
67  34  2  0.00642009  579478  0.00143183  129237  0.520034
67  35  1  0.0070416  465323  0.00221551  146405  0.336086
67  35  2  0.00679314  523318  0.00157231  121125  0.47357
67  36  1  0.00696672  492870  0.00211728  149790  0.351677
67  36  2  0.00659112  539280  0.00162143  132664  0.459224
67  37  1  0.00704059  514193  0.00191836  140103  0.388144
67  37  2  0.00622713  560785  0.0012393  111605  0.600825
67  38  1  0.00715294  558535  0.0017623  137609  0.422515
67  38  2  0.00593251  464661  0.00184546  144545  0.403476
67  39  1  0.00665734  473357  0.00199067  141543  0.374044
67  39  2  0.00725632  581100  0.00155626  124628  0.478456
67  40  1  0.00669853  567766  0.0014597  123724  0.510104
67  40  2  0.0058738  431224  0.00192828  141564  0.386148
67  41  1  0.00647182  563029  0.0016732  145563  0.445017
67  41  2  0.00521564  509924  0.00152355  148955  0.488726
69  29  1  0.00738523  516169  0.00171947  120177  0.433042
69  29  2  0.00616319  583669  0.00150265  142305  0.495523
69  30  1  0.00694112  485671  0.00225643  157883  0.32999
69  30  2  0.00681246  644103  0.00161716  152899  0.460436
69  31  1  0.00538308  482027  0.00157788  141291  0.471899
69  31  2  0.00961766  718895  0.00173561  129732  0.429014
69  32  1  0.00522987  484827  0.00124541  115454  0.597874
69  32  2  0.00715302  559934  0.00184419  144362  0.403755
69  33  1  0.00711122  484828  0.00180462  123035  0.412608
69  33  2  0.00574585  432645  0.00235776  177532  0.315808
69  34  1  0.00628138  445909  0.00196101  139210  0.379703
69  34  2  0.00684035  523256  0.00155941  119288  0.477488
69  35  1  0.00693721  499053  0.00224778  161702  0.33126
69  35  2  0.00636257  500702  0.00175518  138124  0.424229
69  36  1  0.00628902  473975  0.0020475  154311  0.363663
69  36  2  0.00588964  455723  0.00201838  156176  0.36891
69  37  1  0.00705914  436524  0.00246178  152232  0.302464
69  37  2  0.00608329  489267  0.00177442  142713  0.41963
69  38  1  0.00613526  501145  0.0017387  142022  0.42825
69  38  2  0.00552061  487201  0.0018915  166927  0.393657
69  39  1  0.00616055  480655  0.00195558  152577  0.380757
69  39  2  0.00704741  494497  0.00194084  136183  0.383649
71  29  1  0.00738211  555844  0.00165102  124315  0.450995
71  29  2  0.00655674  478254  0.00197797  144275  0.376446
71  30  1  0.00567135  514082  0.00167818  152119  0.443696
71  30  2  0.00620304  483578  0.00152625  118984  0.487861
71  31  1  0.00648543  720345  0.00111716  124084  0.666514
71  31  2  0.00527081  525268  0.00130222  129774  0.571793
71  32  1  0.00552078  519570  0.00131299  123568  0.567101
71  32  2  0.00812391  534523  0.00187187  123162  0.397784
71  33  1  0.00656896  499945  0.00142789  108673  0.521467
71  33  2  0.00488614  487353  0.00131756  131416  0.565135
71  34  1  0.00612711  546536  0.00150868  134574  0.493543
71  34  2  0.00543899  495550  0.00142732  130044  0.521677
71  35  1  0.00649098  555579  0.00218402  186936  0.34093
71  35  2  0.00702303  505287  0.00177851  127959  0.418664
71  36  1  0.00682567  488971  0.00192978  138244  0.385846
71  36  2  0.00644532  460957  0.00196122  140263  0.379661
71  37  1  0.00647992  539619  0.00161949  134864  0.459774
71  37  2  0.00685617  519312  0.00139577  105721  0.533468
71  38  1  0.00586288  491159  0.00153412  128520  0.485359
71  38  2  0.00693176  489099  0.00171171  120777  0.435003
71  39  1  0.00617702  459312  0.00172272  128098  0.432225
71  39  2  0.00702928  500660  0.00172448  122826  0.431782
71  40  1  0.00686671  484879  0.00147746  104328  0.503972
71  40  2  0.0067444  515713  0.00153923  117698  0.483747
71  41  1  0.00582755  460730  0.00121374  95958.8  0.613478
71  41  2  0.00637246  442716  0.00192563  133780  0.386678
39  38  1  0.00519723  468401  0.00128834  116112  0.577952
39  38  2  0.00639964  509918  0.00161047  128321  0.462349
39  39  1  0.00612373  410287  0.00154006  103183  0.483489
39  39  2  0.00683325  496956  0.00161399  117379  0.461342
39  40  1  0.00590367  529388  0.00132047  118408  0.563889
39  40  2  0.00872878  554921  0.00210192  133627  0.354247
39  41  1  0.00532417  467918  0.0013058  114761  0.570225
39  41  2  0.00616007  474184  0.00140156  107888  0.531265
41  29  1  0.00543074  461179  0.00130239  110599  0.571719
41  29  2  0.00573542  546498  0.00140587  133958  0.529636
41  30  1  0.00554166  510149  0.00135462  124702  0.549676
41  30  2  0.00552489  546846  0.00131493  130150  0.566266
41  31  1  0.00529984  474218  0.0013229  118370  0.562855
41  31  2  0.00623854  493027  0.00146018  115397  0.509937
41  32  1  0.00664604  463811  0.00165667  115615  0.449456
41  32  2  0.00595299  489939  0.00151682  124836  0.490897
41  33  1  0.00691287  538970  0.00176738  137796  0.421301
41  33  2  0.00724376  539000  0.00161743  120351  0.46036
41  34  1  0.00594564  471550  0.00145754  115598  0.51086
41  34  2  0.00588103  444488  0.00142273  107530  0.523359
41  35  1  0.00640477  465195  0.00166297  120786  0.447752
41  35  2  0.00812237  536595  0.00208314  137620  0.357442
41  36  1  0.00763593  479919  0.00182055  114422  0.408996
41  36  2  0.00677466  448110  0.00158461  104814  0.469895
41  37  1  0.00617676  512962  0.00146896  121993  0.506889
41  37  2  0.00654292  452185  0.00152732  105554  0.48752
41  38  1  0.00670222  547328  0.00160848  131354  0.462923
41  38  2  0.00755824  519913  0.00183386  126147  0.406028
41  39  1  0.00542664  505870  0.00133574  124517  0.557445
41  39  2  0.00527858  389080  0.00126028  92894.4  0.59082
43  29  1  0.00735178  543709  0.00168777  124821  0.441173
43  29  2  0.00497314  437310  0.00124294  109297  0.599064
43  30  1  0.00619896  495996  0.0014229  113850  0.523298
43  30  2  0.00577265  491074  0.00141946  120752  0.524566
43  31  1  0.00683134  489370  0.00167721  120149  0.44395
43  31  2  0.00558516  431962  0.00149406  115552  0.498374
43  32  1  0.00506138  461697  0.00127263  116089  0.585086
43  32  2  0.00556761  523556  0.00134951  126903  0.551754
43  33  1  0.00543987  437436  0.00131522  105761  0.56614
43  33  2  0.00784082  695934  0.00186433  165474  0.399392
43  34  1  0.00539228  598481  0.00135188  150043  0.550789
43  34  2  0.00552728  458975  0.00126193  104788  0.59005
43  35  1  0.00566631  486650  0.00135529  116399  0.549402
43  35  2  0.0056679  573183  0.00148079  149749  0.50284
43  36  1  0.00568571  510455  0.00141198  126766  0.527343
43  36  2  0.00604631  483539  0.00137541  109995  0.541366
43  37  1  0.00703037  453265  0.00181188  116816  0.410955
43  37  2  0.00727473  530930  0.00181043  132130  0.411284
43  38  1  0.00539553  510403  0.00125187  118424  0.594788
43  38  2  0.00751829  600646  0.00187387  149706  0.397359
43  39  1  0.00711126  511588  0.00171783  123582  0.433453
43  39  2  0.00698192  534478  0.00156718  119970  0.475122
43  40  1  0.00447876  425193  0.00111595  105943  0.667235
43  40  2  0.00524323  474012  0.00129804  117349  0.573633
43  41  1  0.007016  550964  0.00155422  122052  0.479084
43  41  2  0.00376934  468812  0.000965925  120137  0.770867
45  29  1  0.00623991  447052  0.00152521  109272  0.488196
45  29  2  0.00547378  501790  0.00134469  123270  0.553733
45  30  1  0.00594691  561190  0.00139348  131498  0.534346
45  30  2  0.0060381  493185  0.00149488  122100  0.4981
45  31  1  0.00624104  524475  0.00154527  129859  0.481858
45  31  2  0.00582667  481096  0.00130157  107468  0.572078
45  32  1  0.0056559  491425  0.0014504  126021  0.513376
45  32  2  0.00683318  466193  0.00165259  112748  0.450565
45  33  1  0.00539461  458399  0.00135638  115256  0.548963
45  33  2  0.0060821  511757  0.00151303  127309  0.492124
45  34  1  0.00600706  506300  0.00147217  124081  0.505782
45  34  2  0.00694538  518892  0.00177132  132336  0.420364
45  35  1  0.00618115  480581  0.00143577  111630  0.518608
45  35  2  0.00600609  484554  0.00141574  114218  0.525943
45  36  1  0.00564343  509488  0.00135554  122378  0.549301
45  36  2  0.00594871  546211  0.00142733  131058  0.521672
45  37  1  0.00702991  434764  0.00168049  103930  0.443084
45  37  2  0.00756259  589287  0.00176832  137790  0.421077
45  38  1  0.00542219  483192  0.00141838  126397  0.524966
45  38  2  0.00725077  531510  0.00172419  126390  0.431855
45  39  1  0.00554116  457570  0.00139492  115188  0.533793
45  39  2  0.00610722  491522  0.00152556  122780  0.488084
47  29  1  0.00664635  458742  0.00165244  114054  0.450607
47  29  2  0.00727026  586438  0.00167644  135226  0.444155
47  30  1  0.00707722  503367  0.00166894  118703  0.446153
47  30  2  0.00597031  479831  0.00162886  130911  0.457129
47  31  1  0.00703379  487753  0.00169979  117871  0.438053
47  31  2  0.00765191  537253  0.00193374  135771  0.385057
47  32  1  0.00717443  561772  0.00160631  125777  0.463548
47  32  2  0.00750863  521465  0.00177538  123298  0.419403
47  33  1  0.0077323  525401  0.00187035  127088  0.398108
47  33  2  0.00648229  495322  0.00158547  121148  0.469641
47  34  1  0.00628656  448698  0.00150164  107178  0.495859
47  34  2  0.0077941  558776  0.00221355  158694  0.336383
47  35  1  0.00702769  575756  0.00179189  146804  0.415538
47  35  2  0.00557709  536933  0.00138962  133785  0.535831
47  36  1  0.00523867  480164  0.0013071  119806  0.569656
47  36  2  0.00668244  544448  0.00167109  136151  0.445578
47  37  1  0.00578142  487112  0.00131437  110742  0.566507
47  37  2  0.00681791  559478  0.00159721  131067  0.466188
47  38  1  0.00671456  491879  0.00162541  119070  0.458101
47  38  2  0.0061377  469526  0.00151089  115581  0.492823
47  39  1  0.00619176  455443  0.00133238  98004.7  0.558851
47  39  2  0.00703905  431083  0.00179605  109993  0.414577
47  40  1  0.00744104  497248  0.00190149  127067  0.391588
47  40  2  0.00754019  521412  0.00185939  128579  0.400453
47  41  1  0.00635627  632945  0.00140866  140272  0.528586
47  41  2  0.00690737  500636  0.00177212  128441  0.420174
49  29  1  0.00505064  514309  0.00118218  120382  0.629853
49  29  2  0.00614676  530280  0.00152182  131287  0.489283
49  30  1  0.00787593  558134  0.00197102  139678  0.377774
49  30  2  0.00675516  527114  0.00168845  131752  0.440996
49  31  1  0.00696669  519277  0.00187107  139464  0.397955
49  31  2  0.00657351  492538  0.00164221  123047  0.453413
49  32  1  0.00699407  499763  0.00167927  119993  0.443406
49  32  2  0.00698562  457330  0.00164041  107393  0.453912
49  33  1  0.00759047  575098  0.00180881  137046  0.411652
49  33  2  0.00598733  433434  0.00148006  107144  0.503089
49  34  1  0.00810593  596014  0.00195177  143510  0.3815
49  34  2  0.00479939  466527  0.00124595  121113  0.597617
49  35  1  0.00723576  573617  0.0016623  131779  0.447935
49  35  2  0.00518895  512585  0.00119525  118072  0.622963
49  36  1  0.00777178  589625  0.00203381  154300  0.366111
49  36  2  0.00884066  541979  0.00214275  131362  0.347497
49  37  1  0.00902031  537710  0.00218959  130524  0.340063
49  37  2  0.00813384  539425  0.00185385  122945  0.40165
49  38  1  0.0082545  567429  0.00192432  132281  0.386942
49  38  2  0.00768419  427994  0.00185935  103562  0.400463
49  39  1  0.00732331  524855  0.00142142  101872  0.523842
49  39  2  0.00956507  599176  0.00203221  127302  0.366399
51  29  1  0.00769882  571053  0.00202277  150037  0.368109
51  29  2  0.00747573  503616  0.00183409  123557  0.405977
51  30  1  0.00600546  533549  0.00130307  115770  0.571419
51  30  2  0.00583906  451620  0.00140355  108557  0.530512
51  31  1  0.00706612  533412  0.00169391  127871  0.439575
51  31  2  0.00612331  470437  0.00144695  111165  0.5146
51  32  1  0.00765686  578169  0.00190543  143879  0.390778
51  32  2  0.0077031  481623  0.00185612  116051  0.401158
51  33  1  0.00791637  511636  0.0020984  135620  0.354841
51  33  2  0.00699699  495410  0.00164764  116658  0.45192
51  34  1  0.00689626  549622  0.00173627  138378  0.428851
51  34  2  0.00755312  543215  0.00174633  125595  0.426379
51  35  1  0.00676303  518269  0.00164583  126124  0.452417
51  35  2  0.00677104  416696  0.00165084  101594  0.451044
51  36  1  0.00877512  564678  0.00204353  131501  0.364369
51  36  2  0.00851571  502994  0.00191509  113118  0.388806
51  37  1  0.00791621  481383  0.00202408  123084  0.36787
51  37  2  0.00812866  534425  0.00194851  128106  0.382139
51  38  1  0.00908846  486483  0.0022914  122653  0.324954
51  38  2  0.0083925  557525  0.00211853  140737  0.35147
51  39  1  0.00682348  478726  0.00156381  109715  0.476144
51  39  2  0.00806135  432304  0.00208247  111676  0.357556
51  40  1  0.00920321  501047  0.00220287  119930  0.338014
51  40  2  0.00838419  484935  0.00216768  125377  0.343501
51  41  1  0.00742438  481640  0.00176979  114811  0.420728
51  41  2  0.00774753  574524  0.00191389  141926  0.389051
53  29  1  0.00648446  480830  0.00162804  120721  0.45736
53  30  1  0.00665866  578280  0.00164813  143134  0.451785
53  31  1  0.00727646  530633  0.00181263  132185  0.410785
53  32  1  0.007874  535178  0.00202184  137420  0.368278
53  33  1  0.00767491  541457  0.0019435  137112  0.383123
53  34  1  0.00684841  489145  0.00170861  122037  0.435792
53  35  1  0.00822504  547336  0.00196135  130518  0.379637
53  35  2  0.00865941  559606  0.00220232  142323  0.338098
53  36  1  0.00671694  505245  0.00162639  122336  0.457825
53  36  2  0.00838511  500257  0.00190097  113412  0.391695
53  37  1  0.00679667  547531  0.00164418  132453  0.45287
53  37  2  0.00851703  565030  0.00214601  142369  0.346969
53  38  1  0.00679052  506278  0.00181775  135525  0.409628
53  38  2  0.00687038  458252  0.00172193  114852  0.432422
53  39  1  0.00716953  470011  0.00166337  109045  0.447646
53  39  2  0.00876237  523119  0.00203872  121713  0.365229
55  29  1  0.00922401  531869  0.00229658  132424  0.324221
55  29  2  0.00762217  484968  0.00178097  113316  0.418087
55  30  1  0.00786055  540992  0.00204611  140821  0.36391
55  30  2  0.00725309  540568  0.00171857  128084  0.433267
55  31  1  0.00873467  512943  0.0021232  124685  0.350696
55  31  2  0.00707033  461891  0.00177463  115933  0.419581
55  32  1  0.00773706  561205  0.00194063  140763  0.38369
55  32  2  0.00718274  479659  0.00177498  118532  0.419498
55  33  1  0.00751208  502178  0.00189901  126948  0.392098
55  33  2  0.00747997  574656  0.00176729  135774  0.421322
55  34  1  0.00562667  479352  0.00136386  116191  0.545951
55  34  2  0.00687591  504401  0.00165305  121264  0.45044
55  35  1  0.00651498  603144  0.00163512  151376  0.45538
55  35  2  0.00916012  588766  0.00223183  143451  0.333627
55  36  1  0.00672217  449244  0.00174087  116343  0.427716
55  36  2  0.00785246  510252  0.00194853  126615  0.382135
55  37  1  0.00617505  476478  0.00149297  115200  0.498739
55  37  2  0.00570074  451577  0.00138412  109641  0.537961
55  38  1  0.00756657  539956  0.00179876  128361  0.413951
55  38  2  0.00947775  544073  0.00268993  154416  0.276811
55  39  1  0.00726966  408992  0.00184255  103662  0.404114
55  39  2  0.00754098  467880  0.00178775  110921  0.416501
55  40  1  0.00514717  438225  0.00114559  97534.8  0.649968
55  41  1  0.00626322  520916  0.00151843  126289  0.490374
55  41  2  0.00600605  501197  0.00147995  123500  0.503125
57  29  2  0.00832799  535378  0.0020839  133967  0.35731
57  30  2  0.00781886  480778  0.0019428  119462  0.383261
57  31  2  0.00718427  499758  0.00175556  122122  0.424137
57  32  2  0.00768211  503412  0.00190281  124692  0.391316
57  33  2  0.00728739  553172  0.00172939  131275  0.430556
57  34  2  0.00666036  485839  0.00172873  126102  0.430721
57  35  1  0.00740501  454664  0.00178545  109626  0.417037
57  36  1  0.00592677  425761  0.00152172  109316  0.489313
57  37  1  0.00791294  443193  0.00187362  104939  0.397412
57  38  1  0.00464127  457417  0.001102  108607  0.675679
57  39  1  0.00752358  488737  0.00176373  114573  0.422174
59  29  1  0.00680782  522974  0.00162024  124466  0.459562
59  29  2  0.00718091  534861  0.00173929  129549  0.428105
59  30  1  0.00722876  550063  0.00161084  122575  0.462242
59  30  2  0.00672045  547791  0.00138358  112777  0.538169
59  31  1  0.00711356  527484  0.00173128  128378  0.430085
59  31  2  0.0087197  545845  0.00224064  140262  0.332316
59  32  1  0.00660806  474995  0.00175545  126184  0.424164
59  32  2  0.00733748  512620  0.00193023  134852  0.385757
59  33  1  0.00635054  457166  0.00149579  107680  0.497796
59  33  2  0.00658656  507232  0.00192192  148007  0.387426
59  34  1  0.00614083  502166  0.00157704  128962  0.472152
59  34  2  0.0057148  525249  0.00125948  115759  0.591197
59  35  1  0.00585227  543045  0.0014358  133231  0.518596
59  35  2  0.00574838  490026  0.00144924  123542  0.513786
59  36  1  0.00712809  482242  0.00179962  121751  0.413754
59  36  2  0.00696145  443881  0.00171197  109160  0.434937
59  37  1  0.00761809  461615  0.00198704  120404  0.374728
59  37  2  0.00648147  432015  0.00169773  113160  0.438587
59  38  1  0.00661251  487419  0.00165084  121686  0.451044
59  38  2  0.00625491  493927  0.00155275  122615  0.479536
59  39  1  0.00661346  476384  0.00170143  122558  0.437633
59  39  2  0.0063403  516189  0.00154068  125433  0.483293
59  40  2  0.00649233  428976  0.00157824  104281  0.471792
59  41  1  0.00679704  452755  0.00173537  115594  0.429073
59  41  2  0.00668361  560842  0.00160273  134490  0.464582
61  29  1  0.00613894  447675  0.00154511  112675  0.481909
61  29  2  0.00693782  471136  0.00176672  119975  0.421459
61  30  1  0.00766201  557024  0.00227396  165316  0.327446
61  30  2  0.00666315  596559  0.00159194  142528  0.467732
61  31  1  0.00758879  466178  0.00187971  115470  0.396126
61  31  2  0.00771597  554976  0.00200856  144467  0.370713
61  32  1  0.00883167  555154  0.00224641  141208  0.331462
61  32  2  0.007683  511983  0.0020393  135896  0.365125
61  33  1  0.00782444  522051  0.0024068  160583  0.309374
61  33  2  0.00722988  469781  0.0017861  116057  0.416885
61  34  1  0.0070227  515330  0.00185501  136122  0.401399
61  34  2  0.0079364  529616  0.00206175  137586  0.361149
61  35  2  0.00745428  526782  0.002039  144093  0.365179
61  36  2  0.00777395  557006  0.00206742  148131  0.36016
61  37  2  0.00752933  455225  0.00181184  109544  0.410964
61  38  2  0.00684242  477126  0.00175277  122222  0.424812
61  39  2  0.00911805  475263  0.00226998  118319  0.32802
63  29  1  0.00756404  553152  0.00189533  138604  0.39286
63  29  2  0.00754473  529009  0.00184168  129132  0.404304
63  30  1  0.0060986  455078  0.00147514  110075  0.504766
63  30  2  0.00613215  454804  0.00156451  116035  0.475933
63  31  1  0.00734223  535171  0.00185426  135156  0.401562
63  31  2  0.00637989  414518  0.00161011  104613  0.462453
63  32  1  0.00772598  545797  0.00189055  133557  0.393853
63  32  2  0.00719716  471018  0.00186525  122071  0.399197
63  33  1  0.00829376  560945  0.00207202  140140  0.35936
63  33  2  0.00671853  457795  0.00167277  113981  0.445131
63  34  1  0.00614731  468066  0.00149648  113944  0.497569
63  34  2  0.00590312  414000  0.00145221  101847  0.512736
63  35  1  0.00616724  455662  0.00152298  112524  0.488911
63  35  2  0.0064652  551568  0.00156175  133238  0.476773
63  36  1  0.00834393  485251  0.00211453  122973  0.352135
63  36  2  0.00808977  512758  0.00206912  131148  0.359863
63  37  1  0.00709325  473354  0.00179277  119637  0.415335
63  37  2  0.00774451  462800  0.00189464  113221  0.393003
63  38  1  0.00731238  552875  0.00178477  134943  0.417197
63  38  2  0.00624209  478177  0.00153911  117904  0.483786
63  39  1  0.00766316  491538  0.0018395  117991  0.404784
63  39  2  0.00741388  453616  0.00198072  121190  0.375923
63  40  1  0.00701221  574818  0.00167112  136988  0.44557
63  40  2  0.00717092  487996  0.00165273  112472  0.450526
63  41  1  0.00701096  534158  0.00176029  134115  0.422998
63  41  2  0.00614224  521082  0.00146482  124269  0.508323
65  29  1  0.00827863  515698  0.00214707  133747  0.346797
65  29  2  0.00805477  465152  0.00192794  111336  0.386215
65  30  1  0.00745207  512617  0.00182225  125350  0.408615
65  30  2  0.00674008  491988  0.00172274  125750  0.43222
65  31  1  0.00635381  459226  0.00155301  112245  0.479455
65  31  2  0.00761812  566224  0.00180352  134048  0.41286
65  32  1  0.00758988  544050  0.00191027  136930  0.389788
65  32  2  0.00737579  528405  0.00176118  126172  0.422784
65  33  1  0.00726838  493766  0.00196938  133787  0.378088
65  33  2  0.006975  525219  0.00171046  128798  0.435322
65  34  1  0.00655274  524552  0.00165616  132577  0.449594
65  34  2  0.0061757  493457  0.00145662  116388  0.511185
65  35  1  0.00661071  480022  0.0016269  118134  0.457679
65  35  2  0.00615679  467422  0.00150923  114580  0.493366
65  36  1  0.00722246  523240  0.00172404  124900  0.431893
65  36  2  0.00753001  469914  0.0019044  118845  0.390989
65  37  1  0.00691528  460802  0.00173854  115848  0.428291
65  37  2  0.00765734  481251  0.00198063  124479  0.375942
65  38  1  0.00602446  465979  0.00144185  111524  0.51642
65  38  2  0.00729609  534815  0.00178122  130566  0.418029
65  39  1  0.0082467  510509  0.00202363  125272  0.367953
65  39  2  0.00762196  530758  0.00179396  124923  0.41506
67  29  1  0.00814138  545744  0.00219297  147002  0.33954
67  29  2  0.00760749  540954  0.00214301  152385  0.347456
67  30  1  0.00708328  531413  0.00181933  136493  0.40927
67  30  2  0.00696066  475970  0.00177705  121515  0.419008
67  31  1  0.00795446  519467  0.00219848  143572  0.338689
67  31  2  0.00793604  548884  0.00210016  145254  0.354545
67  32  1  0.00800665  478221  0.00208837  124734  0.356546
67  32  2  0.0101451  590676  0.00302687  176233  0.245996
67  33  1  0.0074824  492742  0.00209594  138025  0.355258
67  33  2  0.00722484  435524  0.0018686  112642  0.39848
67  34  1  0.00822482  561413  0.00227077  154999  0.327907
67  34  2  0.00869417  524385  0.00214272  129237  0.347503
67  35  1  0.00817697  567880  0.0021081  146405  0.353209
67  35  2  0.00748385  480208  0.00188768  121125  0.394451
67  36  1  0.00881182  546384  0.00241574  149790  0.308228
67  36  2  0.00893464  513270  0.00230932  132664  0.322432
67  37  1  0.00897068  502915  0.00249907  140103  0.297951
67  37  2  0.00794289  465243  0.00190538  111605  0.390788
67  38  1  0.00856457  502436  0.0023457  137609  0.317432
67  38  2  0.00845708  512858  0.00238356  144545  0.31239
67  39  1  0.00978899  575809  0.00240629  141543  0.309439
67  39  2  0.00889643  476384  0.00232742  124628  0.319925
67  40  1  0.00733751  479700  0.00189249  123724  0.39345
67  40  2  0.00854582  487468  0.00248176  141564  0.300029
67  41  1  0.00772045  553045  0.00203204  145563  0.366429
67  41  2  0.00810558  493657  0.00244576  148955  0.304445
69  29  1  0.00670433  497097  0.00162082  120177  0.459396
69  29  2  0.00745849  520501  0.00203915  142305  0.365152
69  30  1  0.00867427  623562  0.00219628  157883  0.339027
69  30  2  0.00826779  548155  0.00230617  152899  0.322873
69  31  1  0.00766783  509885  0.00212478  141291  0.350436
69  31  2  0.0074039  505721  0.00189931  129732  0.392036
69  32  1  0.00767298  431167  0.0020546  115454  0.362406
69  32  2  0.00855794  592540  0.00208499  144362  0.357124
69  33  1  0.00679544  466391  0.00179265  123035  0.415362
69  33  2  0.00878897  592739  0.0026324  177532  0.28286
69  34  1  0.00720916  513749  0.00195346  139210  0.38117
69  34  2  0.00787561  463780  0.00202567  119288  0.367582
69  35  1  0.00772671  574172  0.00217605  161702  0.34218
69  35  2  0.00754352  480814  0.00216704  138124  0.343603
69  36  1  0.00815733  546476  0.00230342  154311  0.323258
69  36  2  0.00769567  727038  0.00165312  156176  0.450422
69  37  1  0.00869625  586552  0.002257  152232  0.329907
69  37  2  0.00800979  550146  0.00207781  142713  0.358357
69  38  1  0.00774989  507575  0.00216846  142022  0.343378
69  38  2  0.00972906  626306  0.00259305  166927  0.287152
69  39  1  0.00585378  563234  0.00158576  152577  0.469555
69  39  2  0.00864229  556584  0.00211456  136183  0.352129
71  29  1  0.00811628  503532  0.0020038  124315  0.371595
71  29  2  0.00811551  591116  0.00198077  144275  0.375914
71  30  1  0.0075907  611185  0.00188926  152119  0.394122
71  30  2  0.00553487  477477  0.00137925  118984  0.539858
71  31  1  0.00712624  496914  0.00177949  124084  0.418435
71  31  2  0.00835328  535185  0.00202554  129774  0.367606
71  32  1  0.0075173  493122  0.00188371  123568  0.395284
71  32  2  0.0082545  540570  0.00188068  123162  0.39592
71  33  1  0.00759133  461013  0.00178948  108673  0.416099
71  33  2  0.00698565  523356  0.00175411  131416  0.424488
71  34  1  0.00628953  552560  0.00153179  134574  0.486097
71  34  2  0.00525442  523065  0.00130635  130044  0.569985
71  35  1  0.0111679  769317  0.00271368  186936  0.274387
71  35  2  0.00827779  532929  0.00198754  127959  0.374634
71  36  1  0.00867638  564890  0.00212335  138244  0.350673
71  36  2  0.00792075  560537  0.00198201  140263  0.37568
71  37  1  0.0100887  573470  0.00237258  134864  0.313836
71  37  2  0.00566967  439295  0.00136447  105721  0.545708
71  38  1  0.00727426  517920  0.00180508  128520  0.412502
71  38  2  0.00817971  493499  0.00200187  120777  0.371952
71  39  1  0.00725271  519467  0.00178848  128098  0.416331
71  39  2  0.0081706  488656  0.00205372  122826  0.362562
71  40  1  0.00608332  432312  0.00146806  104328  0.507199
71  40  2  0.00687925  487680  0.00166026  117698  0.448485
71  41  1  0.00495041  416256  0.00114121  95958.8  0.652466
71  41  2  0.00693681  533509  0.00173944  133780  0.428069
